{
 "cells": [
  {
   "cell_type": "code",
   "execution_count": 1,
   "metadata": {
    "collapsed": true
   },
   "outputs": [],
   "source": [
    "import os\n",
    "import sys\n",
    "\n",
    "import pytest\n",
    "\n",
    "import numpy as np\n",
    "import scipy.io\n",
    "import xarray as xr\n",
    "\n",
    "sys.path.append('../')\n",
    "import pyBLP"
   ]
  },
  {
   "cell_type": "code",
   "execution_count": 2,
   "metadata": {
    "collapsed": true
   },
   "outputs": [],
   "source": [
    "class Data(object):\n",
    "    ''' Synthetic data for Nevo (2000b)\n",
    "\n",
    "    http://www.rasmusen.org/zg604/lectures/blp/frontpage.htm\n",
    "\n",
    "    '''\n",
    "    def __init__(self):\n",
    "        try:\n",
    "            ps2 = scipy.io.loadmat('examples/ps2.mat')\n",
    "            Z_org = scipy.io.loadmat('examples/iv.mat')['iv']\n",
    "        except:\n",
    "            ps2 = scipy.io.loadmat('ps2.mat')\n",
    "            Z_org = scipy.io.loadmat('iv.mat')['iv']\n",
    "\n",
    "        nsiminds = self.nsiminds = 20  # number of simulated \"indviduals\" per market\n",
    "        nmkts = self.nmkts = 94  # number of markets = (# of cities) * (# of quarters)\n",
    "        nbrands = self.nbrands = 24  # number of brands per market\n",
    "\n",
    "        ids = ps2['id'].reshape(-1, )\n",
    "        self.ids = xr.DataArray(\n",
    "            ids.reshape((nmkts, nbrands), order='F'),\n",
    "            coords=[range(nmkts), range(nbrands)],\n",
    "            dims=['markets', 'brands'],\n",
    "            attrs={'Desc': 'an id variable in the format bbbbccyyq, where bbbb '\n",
    "                           'is a unique 4 digit identifier for each brand (the '\n",
    "                           'first digit is company and last 3 are brand, i.e., '\n",
    "                           '1006 is K Raisin Bran and 3006 is Post Raisin Bran), '\n",
    "                           'cc is a city code, yy is year (=88 for all observations '\n",
    "                           'in this data set) and q is quarter.'}\n",
    "            )\n",
    "\n",
    "        X1 = np.array(ps2['x1'].todense())\n",
    "\n",
    "        self.X1 = xr.DataArray(\n",
    "            X1.reshape(nmkts, nbrands, -1),\n",
    "            coords=[range(nmkts), range(nbrands),\n",
    "                    ['Price'] + ['Brand_{}'.format(brand)\n",
    "                                 for brand in range(nbrands)]],\n",
    "            dims=['markets', 'brands', 'vars'],\n",
    "            attrs={'Desc': 'the variables that enter the linear part of the '\n",
    "                           'estimation. Here this consists of a price variable '\n",
    "                           '(first column) and 24 brand dummy variables.'}\n",
    "            )\n",
    "            \n",
    "        X2 = np.array(ps2['x2'].copy())\n",
    "        self.X2 = xr.DataArray(\n",
    "            X2.reshape(nmkts, nbrands, -1),\n",
    "            coords=[range(nmkts), range(nbrands),\n",
    "                    ['Constant', 'Price', 'Sugar', 'Mushy']],\n",
    "            dims=['markets', 'brands', 'vars'],\n",
    "            attrs={'Desc': 'the variables that enter the non-linear part of the '\n",
    "                           'estimation.'}\n",
    "            )\n",
    "            \n",
    "        self.id_demo = ps2['id_demo'].reshape(-1, )\n",
    "\n",
    "        D = np.array(ps2['demogr'])\n",
    "        self.D = xr.DataArray(\n",
    "            D.reshape((nmkts, nsiminds, -1), order='F'),\n",
    "            coords=[range(nmkts), range(nsiminds),\n",
    "                    ['Income', 'Income^2', 'Age', 'Child']],\n",
    "            dims=['markets', 'nsiminds', 'vars'],\n",
    "            attrs={'Desc': 'Demeaned draws of demographic variables from the CPS for 20 '\n",
    "                           'individuals in each market.',\n",
    "                   'Child': 'Child dummy variable (=1 if age <= 16)'}\n",
    "            )\n",
    "\n",
    "        v = np.array(ps2['v'])\n",
    "        self.v = xr.DataArray(\n",
    "            v.reshape((nmkts, nsiminds, -1), order='F'),\n",
    "            coords=[range(nmkts), range(nsiminds),\n",
    "                    ['Constant', 'Price', 'Sugar', 'Mushy']],\n",
    "            dims=['markets', 'nsiminds', 'vars'],\n",
    "            attrs={'Desc': 'random draws given for the estimation.'}\n",
    "            )\n",
    "\n",
    "        s_jt = ps2['s_jt'].reshape(-1, )  # s_jt for nmkts * nbransd\n",
    "        self.s_jt = xr.DataArray(\n",
    "            s_jt.reshape((nmkts, nbrands)),\n",
    "            coords=[range(nmkts), range(nbrands),],\n",
    "            dims=['markets', 'brands'],\n",
    "            attrs={'Desc': 'Market share of each brand.'}\n",
    "            )\n",
    "\n",
    "        self.ans = ps2['ans'].reshape(-1, )\n",
    "\n",
    "        Z = np.c_[Z_org[:, 1:], X1[:, 1:]]\n",
    "        self.Z = xr.DataArray(\n",
    "            Z.reshape((self.nmkts, self.nbrands, -1)),\n",
    "            coords=[range(nmkts), range(nbrands), range(Z.shape[-1])],\n",
    "            dims=['markets', 'brands', 'vars'],\n",
    "            attrs={'Desc': 'Instruments'}\n",
    "            )"
   ]
  },
  {
   "cell_type": "code",
   "execution_count": 6,
   "metadata": {
    "collapsed": false,
    "scrolled": true
   },
   "outputs": [
    {
     "name": "stdout",
     "output_type": "stream",
     "text": [
      "contraction mapping finished in 129 iterations\n",
      "GMM value: 14.900789413856307\n",
      "contraction mapping finished in 0 iterations\n",
      "GMM value: 14.90078941385608\n",
      "contraction mapping finished in 102 iterations\n",
      "GMM value: 14.926139916893748\n",
      "contraction mapping finished in 107 iterations\n",
      "GMM value: 14.911646850460107\n"
     ]
    },
    {
     "name": "stderr",
     "output_type": "stream",
     "text": [
      "/Users/zhuonijie/py3_kernel/lib/python3.5/site-packages/scipy/optimize/_minimize.py:415: RuntimeWarning: Method Nelder-Mead does not use gradient information (jac).\n",
      "  RuntimeWarning)\n"
     ]
    },
    {
     "name": "stdout",
     "output_type": "stream",
     "text": [
      "contraction mapping finished in 105 iterations\n",
      "GMM value: 14.900993872378312\n",
      "contraction mapping finished in 97 iterations\n",
      "GMM value: 14.901100865528303\n",
      "contraction mapping finished in 120 iterations\n",
      "GMM value: 15.390375098808585\n",
      "contraction mapping finished in 114 iterations\n",
      "GMM value: 15.186885675491162\n",
      "contraction mapping finished in 111 iterations\n",
      "GMM value: 15.21888649190931\n",
      "contraction mapping finished in 113 iterations\n",
      "GMM value: 14.962457469270932\n",
      "contraction mapping finished in 112 iterations\n",
      "GMM value: 15.05705191010706\n",
      "contraction mapping finished in 115 iterations\n",
      "GMM value: 15.100190754967374\n",
      "contraction mapping finished in 112 iterations\n",
      "GMM value: 14.911902228515883\n",
      "contraction mapping finished in 109 iterations\n",
      "GMM value: 15.093411532237605\n",
      "contraction mapping finished in 109 iterations\n",
      "GMM value: 14.947333588659317\n",
      "Warning: Maximum number of iterations has been exceeded.\n",
      "contraction mapping finished in 110 iterations\n",
      "contraction mapping finished in 0 iterations\n",
      "contraction mapping finished in 0 iterations\n",
      "               Mean        SD      Income  Income^2       Age      Child\n",
      "Constant  -1.840767  0.377200    3.088800  0.000000  1.185900   0.000000\n",
      "           0.257890  0.129376    1.213210  0.000000  1.016067   0.000000\n",
      "Price    -32.433705  1.848000   16.598000 -0.659000  0.000000  11.624500\n",
      "           7.741122  1.074557  172.316256  8.954405  0.000000   5.208079\n",
      "Sugar      0.142805 -0.003500   -0.192500  0.000000  0.029600   0.000000\n",
      "           0.012875  0.012303    0.045393  0.000000  0.036337   0.000000\n",
      "Mushy      0.789602  0.081000    1.468400  0.000000 -1.514300   0.000000\n",
      "           0.202054  0.205287    0.697089  0.000000  1.103135   0.000000\n",
      "GMM objective: 14.90078941385608\n",
      "Min-Dist R-squared: 0.2787742703963577\n",
      "Min-Dist weighted R-squared: 0.09449278449651755\n",
      "run time: 0.020688398679097494 (minutes)\n"
     ]
    }
   ],
   "source": [
    "if __name__ == '__main__':\n",
    "    \"\"\" Load data and evaluate the \n",
    "    \"\"\"\n",
    "    data = Data()\n",
    "\n",
    "    BLP = pyBLP.BLP(data)\n",
    "\n",
    "    θ20 = np.array([[ 0.3772,  3.0888,      0,  1.1859,       0],\n",
    "                    [ 1.8480, 16.5980, -.6590,       0, 11.6245],\n",
    "                    [-0.0035, -0.1925,      0,  0.0296,       0],\n",
    "                    [ 0.0810,  1.4684,      0, -1.5143,       0]])\n",
    "\n",
    "    BLP.estimate(θ20=θ20, method='Nelder-Mead', maxiter=1)\n",
    "\n",
    "    results = BLP.results\n",
    "\n",
    "    # Run the line below to get true estimation results\n",
    "    # BLP.estimate(θ20=θ20)"
   ]
  },
  {
   "cell_type": "code",
   "execution_count": 12,
   "metadata": {
    "collapsed": false,
    "scrolled": true
   },
   "outputs": [
    {
     "name": "stdout",
     "output_type": "stream",
     "text": [
      "contraction mapping finished in 134 iterations\n",
      "GMM value: 15.99589803300659\n",
      "contraction mapping finished in 0 iterations\n",
      "contraction mapping finished in 0 iterations\n",
      "GMM value: 15.995898033006595\n",
      "contraction mapping finished in 2078 iterations\n",
      "GMM value: 3155.947884994534\n",
      "contraction mapping finished in 0 iterations\n",
      "contraction mapping finished in 135 iterations\n",
      "GMM value: 16.165395570671887\n",
      "contraction mapping finished in 0 iterations\n",
      "contraction mapping finished in 112 iterations\n",
      "GMM value: 15.787405524264736\n",
      "contraction mapping finished in 0 iterations\n",
      "contraction mapping finished in 120 iterations\n",
      "GMM value: 16.238843474461248\n",
      "contraction mapping finished in 0 iterations\n",
      "contraction mapping finished in 115 iterations\n",
      "GMM value: 15.735280618138695\n",
      "contraction mapping finished in 0 iterations\n",
      "contraction mapping finished in 107 iterations\n",
      "GMM value: 15.638326684403596\n",
      "contraction mapping finished in 0 iterations\n",
      "contraction mapping finished in 113 iterations\n",
      "GMM value: 15.462372757148517\n",
      "contraction mapping finished in 0 iterations\n",
      "contraction mapping finished in 115 iterations\n",
      "GMM value: 16.234233447916058\n",
      "contraction mapping finished in 0 iterations\n",
      "contraction mapping finished in 119 iterations\n",
      "GMM value: 15.435153619871812\n",
      "contraction mapping finished in 0 iterations\n",
      "contraction mapping finished in 105 iterations\n",
      "GMM value: 15.398171874664829\n",
      "contraction mapping finished in 0 iterations\n",
      "contraction mapping finished in 97 iterations\n",
      "GMM value: 15.328591635048722\n",
      "contraction mapping finished in 0 iterations\n",
      "contraction mapping finished in 108 iterations\n",
      "GMM value: 15.210351788936766\n",
      "contraction mapping finished in 0 iterations\n",
      "contraction mapping finished in 112 iterations\n",
      "GMM value: 15.170949017337112\n",
      "contraction mapping finished in 0 iterations\n",
      "contraction mapping finished in 110 iterations\n",
      "GMM value: 15.0976285796225\n",
      "contraction mapping finished in 0 iterations\n",
      "contraction mapping finished in 112 iterations\n",
      "GMM value: 14.983717242028831\n",
      "contraction mapping finished in 0 iterations\n",
      "contraction mapping finished in 121 iterations\n",
      "GMM value: 14.937904596552876\n",
      "contraction mapping finished in 0 iterations\n",
      "contraction mapping finished in 116 iterations\n",
      "GMM value: 14.899553330732601\n",
      "contraction mapping finished in 0 iterations\n",
      "contraction mapping finished in 113 iterations\n",
      "GMM value: 14.895984137745572\n",
      "contraction mapping finished in 0 iterations\n",
      "contraction mapping finished in 111 iterations\n",
      "GMM value: 14.89147865037165\n",
      "contraction mapping finished in 0 iterations\n",
      "contraction mapping finished in 106 iterations\n",
      "GMM value: 14.889149479622954\n",
      "contraction mapping finished in 0 iterations\n",
      "contraction mapping finished in 106 iterations\n",
      "GMM value: 14.88483328902801\n",
      "contraction mapping finished in 0 iterations\n",
      "contraction mapping finished in 107 iterations\n",
      "GMM value: 14.876677439054545\n",
      "contraction mapping finished in 0 iterations\n",
      "contraction mapping finished in 109 iterations\n",
      "GMM value: 14.86125702922639\n",
      "contraction mapping finished in 0 iterations\n",
      "contraction mapping finished in 111 iterations\n",
      "GMM value: 14.832432130900635\n",
      "contraction mapping finished in 0 iterations\n",
      "contraction mapping finished in 113 iterations\n",
      "GMM value: 14.779878999735688\n",
      "contraction mapping finished in 0 iterations\n",
      "contraction mapping finished in 115 iterations\n",
      "GMM value: 14.688334399721944\n",
      "contraction mapping finished in 0 iterations\n",
      "contraction mapping finished in 117 iterations\n",
      "GMM value: 14.541054055090605\n",
      "contraction mapping finished in 0 iterations\n",
      "contraction mapping finished in 119 iterations\n",
      "GMM value: 14.330721678700458\n",
      "contraction mapping finished in 0 iterations\n",
      "contraction mapping finished in 118 iterations\n",
      "GMM value: 14.097015519736726\n",
      "contraction mapping finished in 0 iterations\n",
      "contraction mapping finished in 119 iterations\n",
      "GMM value: 13.71921432590729\n",
      "contraction mapping finished in 0 iterations\n",
      "contraction mapping finished in 121 iterations\n",
      "GMM value: 13.168093582546685\n",
      "contraction mapping finished in 0 iterations\n",
      "contraction mapping finished in 121 iterations\n",
      "GMM value: 12.603566521324424\n",
      "contraction mapping finished in 0 iterations\n",
      "contraction mapping finished in 123 iterations\n",
      "GMM value: 11.73837088740302\n",
      "contraction mapping finished in 0 iterations\n",
      "contraction mapping finished in 125 iterations\n",
      "GMM value: 10.335753571233884\n",
      "contraction mapping finished in 0 iterations\n",
      "contraction mapping finished in 125 iterations\n",
      "GMM value: 8.348981943840114\n",
      "contraction mapping finished in 0 iterations\n",
      "contraction mapping finished in 129 iterations\n",
      "GMM value: 6.700173350807159\n",
      "contraction mapping finished in 0 iterations\n",
      "contraction mapping finished in 132 iterations\n",
      "GMM value: 5.4532687438243315\n",
      "contraction mapping finished in 0 iterations\n",
      "contraction mapping finished in 131 iterations\n",
      "GMM value: 4.714846245578995\n",
      "contraction mapping finished in 0 iterations\n",
      "contraction mapping finished in 131 iterations\n",
      "GMM value: 4.606714988796837\n",
      "contraction mapping finished in 0 iterations\n",
      "contraction mapping finished in 130 iterations\n",
      "GMM value: 4.576276746523008\n",
      "contraction mapping finished in 0 iterations\n",
      "contraction mapping finished in 125 iterations\n",
      "GMM value: 4.568233859881128\n",
      "contraction mapping finished in 0 iterations\n",
      "contraction mapping finished in 121 iterations\n",
      "GMM value: 4.565244371829973\n",
      "contraction mapping finished in 0 iterations\n",
      "contraction mapping finished in 121 iterations\n",
      "GMM value: 4.562990400963125\n",
      "contraction mapping finished in 0 iterations\n",
      "contraction mapping finished in 121 iterations\n",
      "GMM value: 4.561951833527713\n",
      "contraction mapping finished in 0 iterations\n",
      "contraction mapping finished in 119 iterations\n",
      "GMM value: 4.561641103832333\n",
      "contraction mapping finished in 0 iterations\n",
      "contraction mapping finished in 115 iterations\n",
      "GMM value: 4.5615656232235855\n",
      "contraction mapping finished in 0 iterations\n",
      "contraction mapping finished in 113 iterations\n",
      "GMM value: 4.561529095407142\n",
      "contraction mapping finished in 0 iterations\n",
      "contraction mapping finished in 106 iterations\n",
      "GMM value: 4.561516901560148\n",
      "contraction mapping finished in 0 iterations\n",
      "contraction mapping finished in 100 iterations\n",
      "GMM value: 4.561514876812309\n",
      "contraction mapping finished in 0 iterations\n",
      "contraction mapping finished in 100 iterations\n",
      "GMM value: 4.561514679048034\n",
      "contraction mapping finished in 0 iterations\n",
      "contraction mapping finished in 95 iterations\n",
      "GMM value: 4.561514657084485\n",
      "contraction mapping finished in 0 iterations\n",
      "contraction mapping finished in 86 iterations\n",
      "GMM value: 4.561514655104321\n",
      "contraction mapping finished in 0 iterations\n",
      "contraction mapping finished in 70 iterations\n",
      "GMM value: 4.561514655034991\n",
      "contraction mapping finished in 0 iterations\n",
      "contraction mapping finished in 67 iterations\n",
      "GMM value: 4.561514655034437\n",
      "contraction mapping finished in 0 iterations\n",
      "Optimization terminated successfully.\n",
      "         Current function value: 4.561515\n",
      "         Iterations: 50\n",
      "         Function evaluations: 55\n",
      "         Gradient evaluations: 55\n",
      "contraction mapping finished in 0 iterations\n",
      "contraction mapping finished in 0 iterations\n",
      "contraction mapping finished in 0 iterations\n",
      "               Mean        SD      Income  Income^2       Age      Child\n",
      "Constant  -2.009919  0.558094    2.291972   0.00000  1.284432   0.000000\n",
      "           0.326997  0.162533    1.208569   0.00000  0.631215   0.000000\n",
      "Price    -62.729902  3.312489  588.325235 -30.19202  0.000000  11.054627\n",
      "          14.803215  1.340183  270.441021  14.10123  0.000000   4.122563\n",
      "Sugar      0.116257 -0.005784   -0.384954   0.00000  0.052234   0.000000\n",
      "           0.016036  0.013505    0.121458   0.00000  0.025985   0.000000\n",
      "Mushy      0.499373  0.093414    0.748372   0.00000 -1.353393   0.000000\n",
      "           0.198582  0.185433    0.802108   0.00000  0.667108   0.000000\n",
      "GMM objective: 4.561514655034437\n",
      "Min-Dist R-squared: 0.4591043347314313\n",
      "Min-Dist weighted R-squared: 0.10116438414479423\n",
      "run time: 0.17531044880549113 (minutes)\n"
     ]
    }
   ],
   "source": [
    "θ20 = np.array([[ 0.5,  3.0888,      0,  1.1859,       0],\n",
    "                [ 1.8480, 16.5980, -.6590,       0, 11.6245],\n",
    "                [-0.0035, -0.1925,      0,  0.0296,       0],\n",
    "                [ 0.0810,  1.4684,      0, -1.5143,       0]])\n",
    "\n",
    "BLP.estimate(θ20=θ20)"
   ]
  },
  {
   "cell_type": "code",
   "execution_count": 7,
   "metadata": {
    "collapsed": false,
    "scrolled": true
   },
   "outputs": [
    {
     "data": {
      "text/plain": [
       "{'GMM': 4.561514655034235,\n",
       " 'varcov': array([[ 2.19135162e+02, -6.78231146e+00, -9.80159043e+00, ...,\n",
       "          1.93077787e-01,  1.75811490e+00, -1.14549988e+01],\n",
       "        [-6.78231146e+00,  7.37666990e-01,  4.18557102e-01, ...,\n",
       "         -2.76519432e-03,  1.13276716e-02, -3.76281988e-01],\n",
       "        [-9.80159043e+00,  4.18557102e-01,  4.98238012e-01, ...,\n",
       "         -8.05583949e-03, -4.38886037e-02,  3.06141176e-01],\n",
       "        ...,\n",
       "        [ 1.93077787e-01, -2.76519432e-03, -8.05583949e-03, ...,\n",
       "          6.75235417e-04,  2.16678789e-03, -2.16966249e-02],\n",
       "        [ 1.75811490e+00,  1.13276716e-02, -4.38886037e-02, ...,\n",
       "          2.16678789e-03,  4.45033735e-01, -1.28546589e+00],\n",
       "        [-1.14549988e+01, -3.76281988e-01,  3.06141176e-01, ...,\n",
       "         -2.16966249e-02, -1.28546589e+00,  1.69955296e+01]]),\n",
       " 'β': {'Chisq': 137779.34317473238,\n",
       "  'Rsq': 0.45910433361278524,\n",
       "  'Rsq_G': 0.10116438381197235,\n",
       "  'se': array([ 0.32699746, 14.80321459,  0.01603637,  0.19858242]),\n",
       "  'β': array([ -2.00991904, -62.72990218,   0.11625661,   0.49937253])},\n",
       " 'θ2':       fun: 4.561514655034235\n",
       " hess_inv: array([[ 1.52549469e-02,  3.10414919e-02, -7.74170459e-04,\n",
       "         2.49617212e-03, -1.43368850e-02,  1.19852925e+01,\n",
       "        -3.64437177e-03, -1.22432589e-02, -6.18793691e-01,\n",
       "         2.05448604e-02,  5.65679991e-04, -1.61106216e-02,\n",
       "         5.09460885e-02],\n",
       "       [ 3.10414919e-02,  9.13497407e-01, -1.86326361e-03,\n",
       "         3.25182435e-02,  2.68766563e-01,  1.03812974e+02,\n",
       "        -4.84902849e-02, -1.62482267e-01, -5.43516007e+00,\n",
       "        -1.12091103e-01,  6.92762545e-03,  1.02651744e-01,\n",
       "        -8.03892434e-01],\n",
       "       [-7.74170459e-04, -1.86326361e-03,  1.10788845e-04,\n",
       "        -1.63690614e-04,  1.27148206e-03, -8.29309717e-01,\n",
       "         2.41145969e-04,  1.24469495e-03,  4.27719948e-02,\n",
       "        -1.21719632e-03, -2.72228347e-05,  9.48550598e-04,\n",
       "        -2.59638563e-03],\n",
       "       [ 2.49617212e-03,  3.25182435e-02, -1.63690614e-04,\n",
       "         2.11104637e-02,  1.49704485e-04,  8.69708244e+00,\n",
       "        -3.50145977e-03, -3.50792359e-03, -4.51450753e-01,\n",
       "         4.25565245e-03,  5.60371706e-04, -5.52981118e-03,\n",
       "         1.88957782e-02],\n",
       "       [-1.43368850e-02,  2.68766563e-01,  1.27148206e-03,\n",
       "         1.49704485e-04,  9.45167874e-01,  4.76974948e+01,\n",
       "        -4.81108178e-02, -1.49772210e-01, -2.69590986e+00,\n",
       "        -3.19840447e-01,  5.86829783e-03,  2.88881979e-01,\n",
       "        -1.21730870e+00],\n",
       "       [ 1.19852925e+01,  1.03812974e+02, -8.29309717e-01,\n",
       "         8.69708244e+00,  4.76974948e+01,  3.30003509e+04,\n",
       "        -1.35483155e+01, -4.81298933e+01, -1.72378344e+03,\n",
       "        -1.43248738e+00,  1.51215963e+00,  8.62843690e+00,\n",
       "        -1.00446032e+02],\n",
       "       [-3.64437177e-03, -4.84902849e-02,  2.41145969e-04,\n",
       "        -3.50145977e-03, -4.81108178e-02, -1.35483155e+01,\n",
       "         7.17831873e-03,  1.57362933e-02,  7.12995462e-01,\n",
       "         9.89466513e-03, -7.92921462e-04, -9.34510463e-03,\n",
       "         6.50281190e-02],\n",
       "       [-1.22432589e-02, -1.62482267e-01,  1.24469495e-03,\n",
       "        -3.50792359e-03, -1.49772210e-01, -4.81298933e+01,\n",
       "         1.57362933e-02,  2.99686393e-01,  2.53217938e+00,\n",
       "         4.91590561e-02, -9.10912675e-04, -1.18711082e-01,\n",
       "         1.82953997e-01],\n",
       "       [-6.18793691e-01, -5.43516007e+00,  4.27719948e-02,\n",
       "        -4.51450753e-01, -2.69590986e+00, -1.72378344e+03,\n",
       "         7.12995462e-01,  2.53217938e+00,  9.01007088e+01,\n",
       "         1.38905745e-01, -7.97261491e-02, -5.04085013e-01,\n",
       "         5.55002312e+00],\n",
       "       [ 2.05448604e-02, -1.12091103e-01, -1.21719632e-03,\n",
       "         4.25565245e-03, -3.19840447e-01, -1.43248738e+00,\n",
       "         9.89466513e-03,  4.91590561e-02,  1.38905745e-01,\n",
       "         2.68247983e-01, -3.53841042e-03, -2.33335968e-01,\n",
       "         1.15493129e+00],\n",
       "       [ 5.65679991e-04,  6.92762545e-03, -2.72228347e-05,\n",
       "         5.60371706e-04,  5.86829783e-03,  1.51215963e+00,\n",
       "        -7.92921462e-04, -9.10912675e-04, -7.97261491e-02,\n",
       "        -3.53841042e-03,  4.17490299e-04,  8.73280379e-04,\n",
       "        -1.33879170e-02],\n",
       "       [-1.61106216e-02,  1.02651744e-01,  9.48550598e-04,\n",
       "        -5.52981118e-03,  2.88881979e-01,  8.62843690e+00,\n",
       "        -9.34510463e-03, -1.18711082e-01, -5.04085013e-01,\n",
       "        -2.33335968e-01,  8.73280378e-04,  2.63553097e-01,\n",
       "        -8.05670655e-01],\n",
       "       [ 5.09460885e-02, -8.03892434e-01, -2.59638563e-03,\n",
       "         1.88957782e-02, -1.21730870e+00, -1.00446032e+02,\n",
       "         6.50281190e-02,  1.82953997e-01,  5.55002312e+00,\n",
       "         1.15493129e+00, -1.33879170e-02, -8.05670655e-01,\n",
       "         1.15398396e+01]])\n",
       "      jac: array([ 1.23823247e-07,  1.14957579e-08,  1.85151308e-08, -4.47371988e-08,\n",
       "       -9.61833120e-08, -1.74999242e-08, -9.93805791e-07,  9.56748263e-08,\n",
       "       -3.30127465e-07,  1.23557108e-07,  4.15855136e-07,  1.33223013e-07,\n",
       "        1.95350492e-09])\n",
       "  message: 'Optimization terminated successfully.'\n",
       "     nfev: 50\n",
       "      nit: 45\n",
       "     njev: 50\n",
       "       se: array([[1.62532602e-01, 1.20856912e+00, 0.00000000e+00, 6.31214796e-01,\n",
       "        0.00000000e+00],\n",
       "       [1.34018343e+00, 2.70441021e+02, 1.41012302e+01, 0.00000000e+00,\n",
       "        4.12256347e+00],\n",
       "       [1.35045252e-02, 1.21458420e-01, 0.00000000e+00, 2.59852923e-02,\n",
       "        0.00000000e+00],\n",
       "       [1.85433280e-01, 8.02108172e-01, 0.00000000e+00, 6.67108488e-01,\n",
       "        0.00000000e+00]])\n",
       "   status: 0\n",
       "  success: True\n",
       "        x: array([ 5.58093607e-01,  3.31248941e+00, -5.78355326e-03,  9.34144943e-02,\n",
       "        2.29197204e+00,  5.88325237e+02, -3.84954139e-01,  7.48371963e-01,\n",
       "       -3.01920206e+01,  1.28443193e+00,  5.22342746e-02, -1.35339310e+00,\n",
       "        1.10546275e+01])}"
      ]
     },
     "execution_count": 7,
     "metadata": {},
     "output_type": "execute_result"
    }
   ],
   "source": [
    "BLP.results"
   ]
  },
  {
   "cell_type": "code",
   "execution_count": null,
   "metadata": {
    "collapsed": true
   },
   "outputs": [],
   "source": []
  }
 ],
 "metadata": {
  "anaconda-cloud": {},
  "kernelspec": {
   "display_name": "py3",
   "language": "python",
   "name": "py3"
  },
  "language_info": {
   "codemirror_mode": {
    "name": "ipython",
    "version": 3
   },
   "file_extension": ".py",
   "mimetype": "text/x-python",
   "name": "python",
   "nbconvert_exporter": "python",
   "pygments_lexer": "ipython3",
   "version": "3.5.4"
  }
 },
 "nbformat": 4,
 "nbformat_minor": 2
}
